0 1.3537037037037036 0.6509259259259259 0.09259259259259259 0.09444444444444444
0 1.5587962962962962 0.6555555555555556 0.03425925925925926 0.06481481481481481
0 0.14351851851851852 0.638425925925926 0.025925925925925925 0.05462962962962963
0 1.6717592592592592 0.6351851851851852 0.03981481481481482 0.07222222222222222
0 1.4069444444444446 0.6893518518518519 0.09907407407407408 0.2064814814814815
0 0.05 0.6375 0.05740740740740741 0.04722222222222222
0 0.1125 0.6365740740740741 0.021296296296296296 0.058333333333333334
0 1.5518518518518518 0.6444444444444445 0.03518518518518519 0.09074074074074075
0 0.19814814814814816 0.6412037037037037 0.02962962962962963 0.06574074074074074
0 1.4370370370370371 0.6314814814814815 0.10185185185185185 0.05
0 0.38101851851851853 0.7296296296296296 0.10648148148148148 0.2759259259259259
