0 0.9226851851851852 0.7125 0.05277777777777778 0.13055555555555556
0 0.9944444444444445 0.7125 0.037037037037037035 0.10833333333333334
0 0.6972222222222222 0.6902777777777778 0.018518518518518517 0.028703703703703703
0 1.711111111111111 0.6458333333333334 0.05555555555555555 0.12314814814814815
0 0.4722222222222222 0.7300925925925926 0.06296296296296296 0.1787037037037037
0 0.8111111111111111 0.7032407407407407 0.016666666666666666 0.03796296296296296
0 0.687962962962963 0.700925925925926 0.018518518518518517 0.044444444444444446
0 0.33055555555555555 0.7018518518518518 0.046296296296296294 0.12777777777777777
0 0.33564814814814814 0.7050925925925926 0.03611111111111111 0.11203703703703703
0 0.9611111111111111 0.712037037037037 0.06296296296296296 0.11481481481481481
0 0.8194444444444444 0.7032407407407407 0.016666666666666666 0.03611111111111111
