0 0.6166666666666667 0.7143518518518519 0.07222222222222222 0.17685185185185184
0 0.7467592592592592 0.7185185185185186 0.049074074074074076 0.14074074074074075
0 0.7087962962962963 0.7023148148148148 0.013888888888888888 0.041666666666666664
0 0.6851851851851852 0.6921296296296297 0.014814814814814815 0.041666666666666664
0 0.225 0.6898148148148148 0.044444444444444446 0.14074074074074075
0 0.23194444444444445 0.6902777777777778 0.04537037037037037 0.13055555555555556
0 0.6967592592592593 0.7129629629629629 0.05277777777777778 0.15555555555555556
0 0.9592592592592593 0.6856481481481481 0.018518518518518517 0.03796296296296296
0 0.5050925925925925 0.6828703703703703 0.03425925925925926 0.075
0 0.7722222222222223 0.6907407407407408 0.009259259259259259 0.020370370370370372
0 0.7152777777777778 0.6990740740740741 0.025 0.046296296296296294
