0 0.5125 0.4023148148148148 0.058333333333333334 0.10648148148148148
0 1.1083333333333334 0.3638888888888889 0.024074074074074074 0.046296296296296294
0 0.4324074074074074 0.38101851851851853 0.018518518518518517 0.05277777777777778
0 0.2351851851851852 0.3851851851851852 0.018518518518518517 0.05185185185185185
0 0.8439814814814814 0.3819444444444444 0.026851851851851852 0.06388888888888888
0 0.5324074074074074 0.4041666666666667 0.05185185185185185 0.09351851851851851
0 0.5824074074074074 0.3875 0.022222222222222223 0.04537037037037037
0 0.3421296296296296 0.38333333333333336 0.019444444444444445 0.053703703703703705
0 0.8087962962962963 0.37407407407407406 0.019444444444444445 0.05555555555555555
0 0.8351851851851851 0.3837962962962963 0.020370370370370372 0.058333333333333334
