0 0.8245370370370371 0.7180555555555556 0.05462962962962963 0.13240740740740742
0 0.9138888888888889 0.7199074074074074 0.03518518518518519 0.10833333333333334
0 1.7101851851851853 0.6574074074074074 0.07037037037037037 0.14814814814814814
0 0.25787037037037036 0.7388888888888889 0.08796296296296297 0.24444444444444444
0 0.7782407407407408 0.7050925925925926 0.013888888888888888 0.03796296296296296
0 0.6930555555555555 0.6995370370370371 0.01574074074074074 0.03796296296296296
0 0.34305555555555556 0.7060185185185185 0.04722222222222222 0.13240740740740742
0 0.3523148148148148 0.7087962962962963 0.03796296296296296 0.12314814814814815
0 0.8787037037037037 0.7162037037037037 0.05 0.1175925925925926
0 0.9018518518518519 0.7 0.018518518518518517 0.03518518518518519
0 0.787962962962963 0.7060185185185185 0.016666666666666666 0.03611111111111111
