0 0.37962962962962965 0.37916666666666665 0.024074074074074074 0.06018518518518518
0 0.6787037037037037 0.38796296296296295 0.014814814814814815 0.05555555555555555
0 0.9115740740740741 0.4236111111111111 0.07314814814814814 0.22685185185185186
0 0.674537037037037 0.3851851851851852 0.03981481481481482 0.03518518518518519
0 0.8486111111111111 0.42962962962962964 0.07314814814814814 0.21666666666666667
0 0.5967592592592592 0.3837962962962963 0.013888888888888888 0.04351851851851852
0 0.7625 0.40185185185185185 0.03981481481481482 0.10555555555555556
0 0.5856481481481481 0.37916666666666665 0.010185185185185186 0.03981481481481482
0 0.41805555555555557 0.3787037037037037 0.01574074074074074 0.040740740740740744
0 0.3458333333333333 0.37777777777777777 0.023148148148148147 0.06481481481481481
0 0.6652777777777777 0.3921296296296296 0.026851851851851852 0.062037037037037036
