0 1.0300925925925926 0.6606481481481481 0.030555555555555555 0.09907407407407408
0 1.0046296296296295 0.6342592592592593 0.018518518518518517 0.03333333333333333
0 1.1990740740740742 0.6263888888888889 0.018518518518518517 0.026851851851851852
0 0.11666666666666667 0.6550925925925926 0.04259259259259259 0.10833333333333334
0 0.4898148148148148 0.6347222222222222 0.020370370370370372 0.05092592592592592
0 0.850925925925926 0.6351851851851852 0.022222222222222223 0.027777777777777776
0 1.012962962962963 0.662962962962963 0.03518518518518519 0.1
0 1.1074074074074074 0.6305555555555555 0.018518518518518517 0.025925925925925925
0 0.34629629629629627 0.6328703703703704 0.018518518518518517 0.04351851851851852
0 0.9921296296296296 0.6319444444444444 0.021296296296296296 0.03981481481481482
0 1.0907407407407408 0.6435185185185185 0.018518518518518517 0.04814814814814815
