0 1.0226851851851853 0.6819444444444445 0.062037037037037036 0.175
0 1.0157407407407408 0.6296296296296297 0.018518518518518517 0.03518518518518519
0 1.2041666666666666 0.6217592592592592 0.019444444444444445 0.026851851851851852
0 0.4185185185185185 0.6375 0.02962962962962963 0.06759259259259259
0 0.9037037037037037 0.6333333333333333 0.024074074074074074 0.03518518518518519
0 1.0212962962962964 0.6787037037037037 0.07777777777777778 0.1648148148148148
0 1.3041666666666667 0.6199074074074075 0.019444444444444445 0.03425925925925926
0 1.1657407407407407 0.6222222222222222 0.018518518518518517 0.03333333333333333
0 0.17731481481481481 0.6425925925925926 0.025 0.06111111111111111
0 1.0032407407407407 0.6282407407407408 0.021296296296296296 0.03981481481481482
0 1.1305555555555555 0.6370370370370371 0.02962962962962963 0.05925925925925926
