0 0.6777777777777778 0.38657407407407407 0.020370370370370372 0.049074074074074076
0 1.175462962962963 0.40694444444444444 0.019444444444444445 0.18055555555555555
0 0.5083333333333333 0.38287037037037036 0.011111111111111112 0.028703703703703703
0 0.7763888888888889 0.37824074074074077 0.013888888888888888 0.032407407407407406
0 1.1254629629629629 0.40879629629629627 0.05648148148148148 0.16203703703703703
0 0.7981481481481482 0.37824074074074077 0.024074074074074074 0.05648148148148148
0 0.8532407407407407 0.3824074074074074 0.03611111111111111 0.06851851851851852
0 0.6523148148148148 0.38564814814814813 0.012037037037037037 0.026851851851851852
0 1.0171296296296297 0.3875 0.03796296296296296 0.11944444444444445
0 0.7861111111111111 0.37407407407407406 0.012962962962962963 0.03333333333333333
0 0.7597222222222222 0.3837962962962963 0.017592592592592594 0.03796296296296296
