0 0.524537037037037 0.7300925925925926 0.14537037037037037 0.27870370370370373
0 1.0166666666666666 0.6458333333333334 0.018518518518518517 0.03425925925925926
0 1.1851851851851851 0.6375 0.018518518518518517 0.032407407407407406
0 0.39351851851851855 0.6550925925925926 0.02962962962962963 0.06759259259259259
0 0.9847222222222223 0.6467592592592593 0.025 0.03796296296296296
0 0.5583333333333333 0.7175925925925926 0.1 0.2462962962962963
0 1.3356481481481481 0.6287037037037037 0.019444444444444445 0.03333333333333333
0 1.2296296296296296 0.6351851851851852 0.018518518518518517 0.037037037037037035
0 1.0050925925925926 0.6421296296296296 0.021296296296296296 0.03981481481481482
0 1.1421296296296297 0.649537037037037 0.025 0.058333333333333334
