0 1.0694444444444444 0.6949074074074074 0.040740740740740744 0.12685185185185185
0 1.1055555555555556 0.6972222222222222 0.03888888888888889 0.10185185185185185
0 0.725925925925926 0.6856481481481481 0.018518518518518517 0.03981481481481482
0 0.6217592592592592 0.7078703703703704 0.03981481481481482 0.11388888888888889
0 0.8625 0.6912037037037037 0.017592592592592594 0.03796296296296296
0 0.6819444444444445 0.6893518518518519 0.019444444444444445 0.041666666666666664
0 0.31296296296296294 0.6921296296296297 0.03888888888888889 0.12685185185185185
0 0.3143518518518518 0.6976851851851852 0.03425925925925926 0.11574074074074074
0 1.0856481481481481 0.6962962962962963 0.049074074074074076 0.1111111111111111
0 0.8314814814814815 0.6944444444444444 0.018518518518518517 0.03148148148148148
0 0.8736111111111111 0.6930555555555555 0.019444444444444445 0.03611111111111111
