0 1.1643518518518519 0.6805555555555556 0.030555555555555555 0.08703703703703704
0 0.7532407407407408 0.6898148148148148 0.023148148148148147 0.06481481481481481
0 0.6828703703703703 0.6819444444444445 0.025 0.04351851851851852
0 0.4287037037037037 0.6893518518518519 0.04259259259259259 0.10462962962962963
0 0.4152777777777778 0.6976851851851852 0.03425925925925926 0.10648148148148148
0 1.1578703703703703 0.6782407407407407 0.023148148148148147 0.0824074074074074
0 0.7944444444444444 0.6898148148148148 0.011111111111111112 0.027777777777777776
0 0.7291666666666666 0.6828703703703703 0.021296296296296296 0.04351851851851852
0 0.33611111111111114 0.6902777777777778 0.04814814814814815 0.13055555555555556
0 0.8967592592592593 0.6851851851851852 0.010185185185185186 0.024074074074074074
0 0.7787037037037037 0.6898148148148148 0.024074074074074074 0.06851851851851852
