0 1.1981481481481482 0.65 0.037037037037037035 0.06851851851851852
0 0.6087962962962963 0.687037037037037 0.10092592592592593 0.07592592592592592
0 1.2666666666666666 0.6689814814814815 0.044444444444444446 0.11574074074074074
0 0.7476851851851852 0.6930555555555555 0.021296296296296296 0.058333333333333334
0 1.3342592592592593 0.6527777777777778 0.044444444444444446 0.09074074074074075
0 0.9546296296296296 0.6685185185185185 0.03148148148148148 0.06851851851851852
0 0.4412037037037037 0.7162037037037037 0.05648148148148148 0.15833333333333333
0 0.7564814814814815 0.6861111111111111 0.037037037037037035 0.08148148148148149
0 0.7476851851851852 0.6666666666666666 0.10648148148148148 0.05
0 0.044444444444444446 0.7236111111111111 0.07592592592592592 0.17314814814814813
